0 0.00399752 -0.00534535 0.0116633 -0.00032225
0.0626959 -0.00893661 -0.00116515 -0.00968945 0.00568318
0.125392 0.00384652 -0.00505263 0.011144 -0.000374394
0.188088 -0.00879353 -0.00144372 -0.00919586 0.00573252
0.250784 0.00371073 -0.00478715 0.0106741 -0.000421172
0.31348 -0.00866445 -0.00169706 -0.00874789 0.00577694
0.376176 0.00358786 -0.0045451 0.0102465 -0.000463411
0.438871 -0.00854732 -0.0019286 -0.00833918 0.00581716
0.501567 0.00347606 -0.00432337 0.00985542 -0.000501776
0.564263 -0.00844047 -0.00214118 -0.0079645 0.0058538
0.626959 0.00337381 -0.00411934 0.00949608 -0.00053681
0.689655 -0.00834253 -0.00233719 -0.00761951 0.00588734
0.752351 0.00327988 -0.00393086 0.00916453 -0.000568958
0.815047 -0.00825235 -0.0025186 -0.00730057 0.00591819
0.877743 0.00319322 -0.00375609 0.00885744 -0.00059859
0.940439 -0.00816899 -0.00268712 -0.00700461 0.00594668
1.00313 0.00311295 -0.00359347 0.00857197 -0.000626014
1.06583 -0.00809163 -0.00284417 -0.00672903 0.00597311
1.12853 0.00303834 -0.00344167 0.00830571 -0.000651493
1.19122 -0.00801961 -0.002991 -0.00647159 0.0059977
1.25392 0.00296875 -0.00329955 0.0080566 -0.000675245
1.31661 -0.00795232 -0.00312866 -0.00623037 0.00602066
1.37931 0.00290365 -0.00316611 0.00782286 -0.000697461
1.44201 -0.00788928 -0.00325809 -0.00600371 0.00604217
1.5047 0.00284256 -0.0030405 0.00760293 -0.000718302
1.5674 -0.00783005 -0.00338008 -0.00579018 0.00606237
1.63009 0.00278509 -0.00292195 0.00739548 -0.000737907
1.69279 -0.00777425 -0.00349535 -0.00558851 0.00608141
1.75549 0.00273088 -0.00280982 0.00719931 -0.000756399
1.81818 -0.00772156 -0.0036045 -0.00539759 0.00609938
1.88088 0.00267963 -0.0027035 0.00701339 -0.000773883
1.94357 -0.00767168 -0.0037081 -0.00521645 0.0061164
2.00627 0.00263107 -0.0026025 0.00683681 -0.000790451
2.06897 -0.00762437 -0.00380662 -0.00504422 0.00613254
2.13166 0.00258495 -0.00250635 0.00666875 -0.000806185
2.19436 -0.00757939 -0.0039005 -0.00488015 0.00614788
2.25705 0.00254107 -0.00241465 0.00650849 -0.000821155
2.31975 -0.00753656 -0.00399012 -0.00472354 0.0061625
2.38245 0.00249924 -0.00232702 0.00635538 -0.000835424
2.44514 -0.0074957 -0.00407584 -0.00457379 0.00617644
2.50784 0.0024593 -0.00224314 0.00620885 -0.00084905
2.57053 -0.00745664 -0.00415796 -0.00443034 0.00618976
2.63323 0.0024211 -0.00216271 0.00606837 -0.000862079
2.69592 -0.00741925 -0.00423676 -0.00429271 0.00620251
2.75862 0.00238449 -0.00208546 0.00593348 -0.000874558
2.82132 -0.00738341 -0.00431251 -0.00416046 0.00621473
2.88401 0.00234938 -0.00201116 0.00580376 -0.000886523
2.94671 -0.00734899 -0.00438543 -0.00403317 0.00622645
3.0094 0.00231564 -0.00193957 0.00567882 -0.000898011
3.0721 -0.0073159 -0.00445573 -0.0039105 0.00623771
3.1348 0.00228318 -0.00187051 0.00555832 -0.00090905
3.19749 -0.00728405 -0.0045236 -0.00379209 0.00624853
3.26019 0.00225191 -0.00180378 0.00544194 -0.000919669
3.32288 -0.00725336 -0.00458923 -0.00367767 0.00625895
3.38558 0.00222177 -0.00173922 0.0053294 -0.000929891
3.44828 -0.00722374 -0.00465277 -0.00356694 0.00626898
3.51097 0.00219266 -0.00167666 0.00522043 -0.000939735
3.57367 -0.00719514 -0.00471437 -0.00345966 0.00627865
3.63636 0.00216454 -0.00161597 0.00511479 -0.000949222
3.69906 -0.00716749 -0.00477418 -0.0033556 0.00628796
3.76176 0.00213735 -0.00155702 0.00501226 -0.000958364
3.82445 -0.00714074 -0.00483232 -0.00325456 0.00629693
3.88715 0.00211103 -0.00149967 0.00491264 -0.000967177
3.94984 -0.00711484 -0.0048889 -0.00315632 0.00630559
4.01254 0.00208554 -0.00144381 0.00481575 -0.000975669
4.07524 -0.00708975 -0.00494406 -0.00306073 0.00631392
4.13793 0.00206084 -0.00138934 0.00472141 -0.000983848
4.20063 -0.00706543 -0.00499788 -0.00296761 0.00632195
4.26332 0.00203689 -0.00133615 0.00462948 -0.000991722
4.32602 -0.00704184 -0.00505047 -0.00287682 0.00632967
4.38871 0.00201367 -0.00128414 0.0045398 -0.000999292
4.45141 -0.00701896 -0.00510192 -0.00278822 0.00633709
4.51411 0.00199113 -0.00123322 0.00445224 -0.00100656
4.5768 -0.00699677 -0.00515233 -0.00270168 0.00634421
4.6395 0.00196927 -0.0011833 0.00436669 -0.00101353
4.70219 -0.00697523 -0.00520178 -0.00261709 0.00635102
4.76489 0.00194806 -0.0011343 0.00428304 -0.00102019
4.82759 -0.00695434 -0.00525035 -0.00253435 0.00635752
4.89028 0.00192748 -0.00108613 0.00420118 -0.00102653
4.95298 -0.00693408 -0.00529813 -0.00245335 0.00636371
5.01567 0.00190753 -0.00103871 0.00412102 -0.00103255
5.07837 -0.00691444 -0.0053452 -0.00237401 0.00636956
5.14107 0.0018882 -0.000991972 0.00404248 -0.00103824
5.20376 -0.00689542 -0.00539164 -0.00229625 0.00637508
5.26646 0.00186948 -0.000945823 0.00396549 -0.00104358
5.32915 -0.00687701 -0.00543752 -0.00222001 0.00638024
5.39185 0.00185139 -0.000900188 0.00388997 -0.00104855
5.45455 -0.00685922 -0.00548293 -0.00214521 0.00638501
5.51724 0.00183391 -0.000854987 0.00381589 -0.00105313
5.57994 -0.00684206 -0.00552794 -0.00207182 0.00638939
5.64263 0.00181707 -0.000810136 0.00374317 -0.00105729
5.70533 -0.00682554 -0.00557265 -0.00199978 0.00639333
5.76803 0.00180087 -0.000765552 0.0036718 -0.001061
5.83072 -0.00680967 -0.00561713 -0.00192906 0.0063968
5.89342 0.00178533 -0.000721146 0.00360173 -0.00106423
5.95611 -0.00679448 -0.00566149 -0.00185963 0.00639977
6.01881 0.00177049 -0.000676825 0.00353294 -0.00106693
6.0815 -0.00677999 -0.0057058 -0.00179148 0.00640219
6.1442 0.00175637 -0.00063249 0.00346542 -0.00106906
6.2069 -0.00676623 -0.00575018 -0.00172459 0.00640401
6.26959 0.00174299 -0.000588038 0.00339916 -0.00107056
6.33229 -0.00675325 -0.00579473 -0.00165897 0.00640518
6.39498 0.00173041 -0.000543355 0.00333418 -0.00107138
6.45768 -0.00674108 -0.00583958 -0.00159462 0.00640563
6.52038 0.00171866 -0.00049832 0.00327048 -0.00107145
6.58307 -0.00672977 -0.00588484 -0.00153158 0.0064053
6.64577 0.0017078 -0.000452803 0.0032081 -0.00107069
6.70846 -0.00671937 -0.00593065 -0.00146988 0.0064041
6.77116 0.00169788 -0.00040666 0.00314708 -0.00106904
6.83386 -0.00670993 -0.00597716 -0.00140956 0.00640197
6.89655 0.00168895 -0.000359736 0.00308747 -0.00106639
6.95925 -0.00670152 -0.00602454 -0.00135067 0.0063988
7.02194 0.00168107 -0.000311864 0.00302932 -0.00106267
7.08464 -0.00669419 -0.00607295 -0.00129328 0.0063945
7.14734 0.0016743 -0.000262863 0.00297272 -0.00105777
7.21003 -0.00668801 -0.00612259 -0.00123747 0.00638898
7.27273 0.00166871 -0.000212539 0.00291773 -0.0010516
7.33542 -0.00668301 -0.00617365 -0.00118332 0.00638214
7.39812 0.00166433 -0.000160685 0.00286444 -0.00104407
7.46082 -0.00667926 -0.00622635 -0.00113092 0.00637388
7.52351 0.00166122 -0.000107085 0.00281294 -0.00103506
7.58621 -0.00667679 -0.0062809 -0.00108035 0.00636411
7.6489 0.00165939 -5.15216e-05 0.00276332 -0.00102452
7.7116 -0.00667562 -0.00633753 -0.00103169 0.00635277
7.77429 0.00165886 6.22354e-06 0.00271564 -0.00101237
7.83699 -0.00667573 -0.00639644 -0.000984997 0.0063398
7.89969 0.0016596 6.63528e-05 0.00266994 -0.000998575
7.96238 -0.00667708 -0.00645783 -0.000940308 0.00632519
8.02508 0.00166154 0.00012904 0.00262625 -0.000983149
8.08777 -0.00667958 -0.00652185 -0.000897605 0.00630896
8.15047 0.00166457 0.000194409 0.00258452 -0.000966149
8.21317 -0.0066831 -0.00658858 -0.000856808 0.00629122
8.27586 0.00166851 0.000262509 0.00254462 -0.000947708
8.33856 -0.0066874 -0.00665803 -0.000817747 0.00627214
8.40125 0.00167311 0.000333278 0.00250633 -0.000928048
8.46395 -0.00669221 -0.00673007 -0.000780139 0.00625198
8.52665 0.00167804 0.000406512 0.00246929 -0.000907494
8.58934 -0.00669715 -0.0068044 -0.000743558 0.00623114
8.65204 0.00168287 0.000481818 0.00243302 -0.000886495
8.71473 -0.00670175 -0.00688053 -0.000707415 0.00621013
8.77743 0.0016871 0.000558585 0.00239682 -0.000865624
8.84013 -0.00670546 -0.00695772 -0.000670942 0.00618958
8.90282 0.00169013 0.000635946 0.00235983 -0.000845585
8.96552 -0.00670765 -0.00703498 -0.000633188 0.00617025
9.02821 0.00169132 0.000712782 0.00232103 -0.000827195
9.09091 -0.00670765 -0.00711105 -0.000593037 0.00615302
9.15361 0.00168996 0.000787731 0.00227922 -0.000811349
9.2163 -0.00670477 -0.00718449 -0.000549254 0.00613879
9.279 0.00168538 0.000859266 0.00223314 -0.000798977
9.34169 -0.00669833 -0.00725372 -0.000500557 0.0061285
9.40439 0.00167693 0.000925792 0.00218152 -0.000790971
9.46708 -0.00668774 -0.00731717 -0.000445718 0.00612298
9.52978 0.00166409 0.00098581 0.0021232 -0.000788106
9.59248 -0.00667255 -0.00737344 -0.000383681 0.00612292
9.65517 0.00164649 0.00103809 0.00205725 -0.000790961
9.71787 -0.00665248 -0.00742153 -0.000313682 0.00612876
9.78056 0.00162394 0.00108185 0.00198311 -0.000799841
9.84326 -0.00662748 -0.00746091 -0.000235352 0.00614067
9.90596 0.00159652 0.00111689 0.00190061 -0.000814734
9.96865 -0.00659771 -0.00749173 -0.000148772 0.00615846
10.0313 0.00156451 0.00114368 0.00181008 -0.000835294
10.094 -0.00656358 -0.00751477 -5.44782e-05 0.00618163
10.1567 0.0015284 0.00116331 0.00171226 -0.000860865
10.2194 -0.00652567 -0.00753138 4.65966e-05 0.00620938
10.2821 0.00148888 0.00117735 0.00160824 -0.000890543
10.3448 -0.00648472 -0.00754333 0.000153233 0.00624072
10.4075 0.00144671 0.00118771 0.00149933 -0.000923265
10.4702 -0.00644154 -0.00755261 0.000264067 0.00627454
10.5329 0.00140271 0.0011964 0.00138692 -0.000957908
10.5956 -0.00639694 -0.00756119 0.000377732 0.00630973
10.6583 0.00135769 0.00120533 0.00127231 -0.000993385
10.721 -0.00635168 -0.00757087 0.000492988 0.00634525
10.7837 0.00131237 0.00121613 0.00115666 -0.00102873
10.8464 -0.00630645 -0.00758312 0.000608816 0.00638021
10.9091 0.00126737 0.0012301 0.00104084 -0.00106312
10.9718 -0.00626178 -0.00759905 0.000724462 0.0064139
11.0345 0.00122314 0.00124818 0.000925484 -0.00109598
11.0972 -0.00621808 -0.00761942 0.000839452 0.00644581
11.1599 0.00118004 0.00127094 0.000810918 -0.00112687
11.2226 -0.00617562 -0.00764463 0.000953571 0.00647562
11.2853 0.00113824 0.00129865 0.000697242 -0.00115557
11.348 -0.00613452 -0.00767485 0.00106683 0.00650319
11.4107 0.00109784 0.00133136 0.000584355 -0.001182
11.4734 -0.00609481 -0.00771002 0.00117941 0.0065285
11.5361 0.00105882 0.00136896 0.000472001 -0.0012062
11.5987 -0.00605644 -0.00775 0.00129163 0.00655163
11.6614 0.00102107 0.00141126 0.00035982 -0.00122831
11.7241 -0.00601928 -0.00779456 0.00140388 0.00657276
11.7868 0.000984442 0.001458 0.000247378 -0.00124851
11.8495 -0.00598315 -0.00784343 0.00151663 0.00659208
11.9122 0.000948756 0.00150895 0.000134202 -0.00126701
11.9749 -0.00594785 -0.00789639 0.00163036 0.00660983
12.0376 0.000913798 0.00156386 1.9801e-05 -0.00128406
12.1003 -0.00591318 -0.00795321 0.00174556 0.00662623
12.163 0.00087935 0.00162256 -9.63255e-05 -0.00129988
12.2257 -0.0058789 -0.00801374 0.00186273 0.00664153
12.2884 0.00084519 0.00168488 -0.000214675 -0.0013147
12.3511 -0.0058448 -0.00807784 0.00198238 0.00665592
12.4138 0.0008111 0.00175075 -0.000335743 -0.00132873
12.4765 -0.00581067 -0.00814546 0.00210499 0.00666963
12.5392 0.000776869 0.00182012 -0.000460022 -0.00134215
12.6019 -0.00577629 -0.00821658 0.00223106 0.00668282
12.6646 0.000742292 0.001893 -0.000588005 -0.00135515
12.7273 -0.00574146 -0.00829124 0.00236108 0.00669566
12.79 0.000707174 0.00196946 -0.000720192 -0.00136788
12.8527 -0.005706 -0.00836953 0.00249556 0.0067083
12.9154 0.000671323 0.00204961 -0.000857096 -0.00138047
12.9781 -0.00566972 -0.00845158 0.00263502 0.00672087
13.0408 0.000634554 0.00213361 -0.000999249 -0.00139305
13.1034 -0.00563242 -0.00853759 0.00278001 0.00673349
13.1661 0.000596682 0.00222168 -0.00114721 -0.00140573
13.2288 -0.00559393 -0.00862778 0.0029311 0.00674626
13.2915 0.000557525 0.00231407 -0.00130158 -0.00141862
13.3542 -0.00555406 -0.00872245 0.00308891 0.00675929
13.4169 0.000516893 0.00241111 -0.00146301 -0.0014318
13.4796 -0.00551261 -0.00882195 0.00325412 0.00677266
13.5423 0.000474592 0.00251316 -0.00163219 -0.00144538
13.605 -0.0054694 -0.00892665 0.00342747 0.00678646
13.6677 0.000430419 0.00262064 -0.0018099 -0.00145942
13.7304 -0.00542421 -0.00903704 0.00360976 0.00680078
13.7931 0.000384154 0.00273406 -0.001997 -0.00147403
13.8558 -0.00537682 -0.00915363 0.00380191 0.0068157
13.9185 0.000335561 0.00285398 -0.00219445 -0.00148929
13.9812 -0.00532696 -0.00927705 0.00400493 0.0068313
14.0439 0.000284383 0.00298106 -0.00240332 -0.00150527
14.1066 -0.00527439 -0.00940797 0.00421996 0.00684769
14.1693 0.000230332 0.00311604 -0.00262484 -0.00152209
14.232 -0.00521878 -0.00954722 0.00444832 0.00686496
14.2947 0.000173089 0.00325979 -0.0028604 -0.00153983
14.3574 -0.00515981 -0.00969572 0.00469147 0.0068832
14.4201 0.000112293 0.00341331 -0.00311158 -0.0015586
14.4828 -0.00509709 -0.00985455 0.00495113 0.00690254
14.5455 4.75337e-05 0.00357775 -0.00338022 -0.00157854
14.6082 -0.00503017 -0.010025 0.00522927 0.00692311
14.6708 -2.16587e-05 0.00375447 -0.00366843 -0.00159977
14.7335 -0.00495857 -0.0102084 0.00552818 0.00694504
14.7962 -9.58262e-05 0.00394505 -0.00397869 -0.00162245
14.8589 -0.00488168 -0.0104066 0.00585053 0.00696852
14.9216 -0.000175599 0.00415134 -0.00431391 -0.00164677
14.9843 -0.00479884 -0.0106215 0.00619947 0.00699372
15.047 -0.000261713 0.00437557 -0.00467752 -0.00167292
15.1097 -0.00470924 -0.0108557 0.00657875 0.00702088
15.1724 -0.000355039 0.00462037 -0.00507359 -0.00170114
15.2351 -0.00461193 -0.0111119 0.00699284 0.00705025
15.2978 -0.000456609 0.00488893 -0.00550703 -0.00173173
15.3605 -0.00450579 -0.0113938 0.00744712 0.00708214
15.4232 -0.000567661 0.00518512 -0.00598378 -0.00176502
15.4859 -0.00438945 -0.0117055 0.00794815 0.00711692
15.5486 -0.000689692 0.00551372 -0.0065111 -0.00180141
15.6113 -0.00426127 -0.0120524 0.008504 0.00715503
15.674 -0.000824529 0.00588064 -0.00709798 -0.00184138
15.7367 -0.00411922 -0.0124412 0.00912469 0.00719702
15.7994 -0.000974428 0.00629334 -0.00775562 -0.00188554
15.8621 -0.00396077 -0.0128802 0.00982284 0.00724353
15.9248 -0.0011422 0.00676135 -0.00849829 -0.00193461
15.9875 -0.00378278 -0.0133803 0.0106146 0.00729538
16.0502 -0.00133142 0.007297 -0.00934431 -0.0019895
16.1129 -0.0035812 -0.0139556 0.0115208 0.0073536
16.1755 -0.00154666 0.0079166 -0.0103177 -0.00205136
16.2382 -0.00335082 -0.0146249 0.0125693 0.00741947
16.3009 -0.00179389 0.00864218 -0.0114505 -0.00212165
16.3636 -0.00308476 -0.0154142 0.0137973 0.00749465
16.4263 -0.00208107 0.00950415 -0.0127865 -0.00220227
16.489 -0.00277376 -0.0163596 0.0152565 0.00758132
16.5517 -0.00241904 0.0105458 -0.0143871 -0.00229571
16.6144 -0.00240507 -0.0175133 0.0170206 0.00768236
16.6771 -0.00282293 0.0118309 -0.0163414 -0.00240531
16.7398 -0.00196061 -0.0189539 0.0191981 0.00780167
16.8025 -0.00331452 0.0134575 -0.0187833 -0.00253564
16.8652 -0.00141385 -0.0208053 0.0219562 0.00794458
16.9279 -0.00392641 0.0155842 -0.0219241 -0.002693
16.9906 -0.000724315 -0.0232742 0.0255661 0.00811857
17.0533 -0.00470954 0.0184859 -0.0261177 -0.00288622
17.116 0.000173058 -0.0267343 0.0304989 0.00833408
17.1787 -0.00574833 0.0226839 -0.0320058 -0.00312758
17.2414 0.0013898 -0.0319363 0.037652 0.00860528
17.3041 -0.00719332 0.0293016 -0.0408842 -0.00343273
17.3668 0.00313425 -0.0406429 0.0489712 0.00894775
17.4295 -0.00934147 0.0412802 -0.0558213 -0.00381262
17.4922 0.005845 -0.0581849 0.0696129 0.00935492
17.5549 -0.0128697 0.0694887 -0.0862643 -0.00420643
17.6176 0.0106266 -0.111164 0.119211 0.00959887
17.6803 -0.0197172 0.19612 -0.18249 -0.00381789
17.7429 0.0212485 1 0.401174 0.00647482
17.8056 -0.0384254 -0.1785 -0.359523 0.0171858
17.8683 0.0630082 0.0893756 -0.295051 -0.984658
17.931 -0.21498 -0.0652543 0.160973 0.144123
17.9937 0.952734 0.0431064 -0.109161 -0.0297449
18.0564 0.0308899 -0.0398221 0.0848273 0.0172836
18.1191 -0.0333342 0.0269604 -0.0671646 -0.00544111
18.1818 0.0227611 -0.0286421 0.0580934 0.00753379
18.2445 -0.0238475 0.0187531 -0.0486149 -0.000294429
18.3072 0.0160602 -0.0223573 0.0444536 0.00438673
18.3699 -0.0190463 0.0137841 -0.0381564 0.00181597
18.4326 0.0124853 -0.0183287 0.0361756 0.00287876
18.4953 -0.0162906 0.010451 -0.0314388 0.0029446
18.558 0.0102995 -0.0155248 0.0306135 0.00200365
18.6207 -0.0145156 0.00805899 -0.0267564 0.00364229
18.6834 0.00882983 -0.0134596 0.0266164 0.00143479
18.7461 -0.0132789 0.00625765 -0.0233036 0.00411479
18.8088 0.00777476 -0.0118743 0.0236032 0.00103617
18.8715 -0.0123681 0.0048514 -0.0206504 0.00445554
18.9342 0.00698048 -0.0106181 0.0212486 0.00074157
18.9969 -0.0116692 0.00372237 -0.0185464 0.00471278
19.0596 0.00636067 -0.00959767 0.0193568 0.000514997
19.1223 -0.0111157 0.00279536 -0.0168358 0.00491388
19.185 0.00586326 -0.00875168 0.0178022 0.000335284
19.2476 -0.0106662 0.00202009 -0.0154166 0.00507547
19.3103 0.00545499 -0.00803849 0.0165013 0.000189185
19.373 -0.0102937 0.00136168 -0.0142194 0.00520822
19.4357 0.00511361 -0.00742869 0.0153957 6.79981e-05
19.4984 -0.00997966 0.000795195 -0.0131951 0.00531931
19.5611 0.00482373 -0.00690097 0.0144438 -3.42229e-05
19.6238 -0.00971118 0.000302305 -0.0123081 0.00541371
19.6865 0.00457432 -0.00643949 0.0136151 -0.000121678
19.7492 -0.00947883 -0.000130747 -0.011532 0.00549498
19.8119 0.00435729 -0.00603224 0.0128865 -0.000197415
19.8746 -0.00927561 -0.000514494 -0.0108466 0.00556574
19.9373 0.00416657 -0.00566995 0.0122405 -0.000263699
20 -0.00909623 -0.000857135 -0.0102365 0.00562797
