0 0.00341338 -0.00538511 0.0110652 -0.000342674
0.0626959 -0.00769782 -0.00112551 -0.00918546 0.00522206
0.125392 0.00328306 -0.0050914 0.0105715 -0.000389359
0.188088 -0.00757437 -0.00140509 -0.00871617 0.00526619
0.250784 0.00316593 -0.00482492 0.0101248 -0.00043116
0.31348 -0.00746306 -0.00165943 -0.00829034 0.00530585
0.376176 0.00305999 -0.00458186 0.00971834 -0.00046883
0.438871 -0.0073621 -0.00189198 -0.00790192 0.00534169
0.501567 0.00296366 -0.00435911 0.00934669 -0.000502975
0.564263 -0.00727006 -0.00210559 -0.00754591 0.00537426
0.626959 0.00287562 -0.00415406 0.0090053 -0.00053409
0.689655 -0.00718574 -0.00230262 -0.00721819 0.00540402
0.752351 0.00279477 -0.00396455 0.00869038 -0.000562579
0.815047 -0.00710815 -0.00248506 -0.00691528 0.00543132
0.877743 0.00272023 -0.00378874 0.00839876 -0.00058878
0.940439 -0.00703647 -0.00265462 -0.00663427 0.00545649
1.00313 0.00265123 -0.00362508 0.00812773 -0.000612976
1.06583 -0.00696999 -0.00281272 -0.00637266 0.00547977
1.12853 0.00258712 -0.00347224 0.00787501 -0.000635403
1.19122 -0.00690812 -0.00296059 -0.00612833 0.00550139
1.25392 0.00252736 -0.00332907 0.00763862 -0.000656264
1.31661 -0.00685036 -0.00309931 -0.00589946 0.00552154
1.37931 0.00247149 -0.00319457 0.00741687 -0.000675731
1.44201 -0.00679626 -0.00322979 -0.00568446 0.00554036
1.5047 0.00241909 -0.0030679 0.00720828 -0.000693952
1.5674 -0.00674546 -0.00335284 -0.00548196 0.00555801
1.63009 0.00236981 -0.00294829 0.00701157 -0.000711057
1.69279 -0.00669763 -0.00346917 -0.00529075 0.0055746
1.75549 0.00232335 -0.00283509 0.0068256 -0.000727156
1.81818 -0.00665248 -0.00357939 -0.00510978 0.00559023
1.88088 0.00227943 -0.00272771 0.0066494 -0.000742346
1.94357 -0.00660975 -0.00368405 -0.00493812 0.005605
2.00627 0.00223784 -0.00262565 0.00648208 -0.000756713
2.06897 -0.00656923 -0.00378364 -0.00477495 0.00561899
2.13166 0.00219835 -0.00252843 0.00632287 -0.000770333
2.19436 -0.00653072 -0.00387859 -0.00461954 0.00563226
2.25705 0.00216078 -0.00243566 0.00617109 -0.000783272
2.31975 -0.00649405 -0.00396928 -0.00447123 0.00564488
2.38245 0.00212496 -0.00234696 0.0060261 -0.000795589
2.44514 -0.00645906 -0.00405606 -0.00432944 0.00565691
2.50784 0.00209076 -0.00226202 0.00588738 -0.000807337
2.57053 -0.00642561 -0.00413924 -0.00419364 0.00566839
2.63323 0.00205804 -0.00218053 0.0057544 -0.000818563
2.69592 -0.00639359 -0.0042191 -0.00406338 0.00567937
2.75862 0.00202668 -0.00210224 0.00562674 -0.000829309
2.82132 -0.00636287 -0.00429589 -0.00393821 0.00568989
2.88401 0.00199657 -0.00202689 0.00550398 -0.000839614
2.94671 -0.00633335 -0.00436984 -0.00381776 0.00569999
3.0094 0.00196763 -0.00195428 0.00538575 -0.000849512
3.0721 -0.00630495 -0.00444116 -0.00370168 0.00570969
3.1348 0.00193975 -0.0018842 0.00527173 -0.000859035
3.19749 -0.00627758 -0.00451005 -0.00358965 0.00571904
3.26019 0.00191287 -0.00181647 0.00516161 -0.00086821
3.32288 -0.00625116 -0.00457666 -0.00348137 0.00572805
3.38558 0.0018869 -0.00175093 0.00505511 -0.000877064
3.44828 -0.00622564 -0.00464117 -0.00337658 0.00573675
3.51097 0.00186179 -0.00168742 0.00495197 -0.000885621
3.57367 -0.00620093 -0.00470371 -0.00327504 0.00574517
3.63636 0.00183748 -0.00162581 0.00485197 -0.000893902
3.69906 -0.00617698 -0.00476443 -0.00317653 0.00575332
3.76176 0.00181389 -0.00156596 0.00475489 -0.000901927
3.82445 -0.00615375 -0.00482344 -0.00308083 0.00576122
3.88715 0.001791 -0.00150776 0.00466053 -0.000909714
3.94984 -0.00613118 -0.00488086 -0.00298776 0.0057689
4.01254 0.00176874 -0.00145109 0.0045687 -0.000917282
4.07524 -0.00610922 -0.00493679 -0.00289713 0.00577636
4.13793 0.00174707 -0.00139587 0.00447924 -0.000924645
4.20063 -0.00608784 -0.00499134 -0.0028088 0.00578363
4.26332 0.00172596 -0.00134198 0.00439199 -0.000931819
4.32602 -0.00606699 -0.00504459 -0.0027226 0.00579071
4.38871 0.00170536 -0.00128935 0.00430681 -0.000938817
4.45141 -0.00604663 -0.00509662 -0.00263839 0.00579763
4.51411 0.00168524 -0.00123789 0.00422354 -0.000945653
4.5768 -0.00602674 -0.00514752 -0.00255604 0.00580439
4.6395 0.00166557 -0.00118753 0.00414208 -0.000952339
4.70219 -0.00600728 -0.00519736 -0.00247543 0.005811
4.76489 0.00164631 -0.0011382 0.00406229 -0.000958886
4.82759 -0.00598821 -0.00524621 -0.00239644 0.00581749
4.89028 0.00162743 -0.00108982 0.00398407 -0.000965307
4.95298 -0.00596952 -0.00529413 -0.00231895 0.00582385
5.01567 0.00160891 -0.00104234 0.0039073 -0.000971611
5.07837 -0.00595117 -0.00534118 -0.00224288 0.0058301
5.14107 0.00159072 -0.000995704 0.00383189 -0.000977809
5.20376 -0.00593313 -0.00538742 -0.00216811 0.00583625
5.26646 0.00157284 -0.000949849 0.00375775 -0.00098391
5.32915 -0.00591539 -0.0054329 -0.00209456 0.0058423
5.39185 0.00155523 -0.000904727 0.00368477 -0.000989926
5.45455 -0.00589792 -0.00547767 -0.00202215 0.00584828
5.51724 0.00153789 -0.000860288 0.00361289 -0.000995864
5.57994 -0.00588069 -0.00552179 -0.00195077 0.00585418
5.64263 0.00152078 -0.000816487 0.00354201 -0.00100174
5.70533 -0.00586369 -0.00556529 -0.00188037 0.00586002
5.76803 0.00150388 -0.000773282 0.00347206 -0.00100755
5.83072 -0.00584689 -0.00560821 -0.00181085 0.00586581
5.89342 0.00148717 -0.00073063 0.00340296 -0.00101331
5.95611 -0.00583028 -0.0056506 -0.00174215 0.00587156
6.01881 0.00147064 -0.000688493 0.00333464 -0.00101904
6.0815 -0.00581382 -0.00569249 -0.0016742 0.00587727
6.1442 0.00145426 -0.000646837 0.00326703 -0.00102474
6.2069 -0.00579751 -0.00573392 -0.00160691 0.00588295
6.26959 0.00143801 -0.000605625 0.00320006 -0.00103042
6.33229 -0.00578131 -0.00577492 -0.00154024 0.00588863
6.39498 0.00142187 -0.000564827 0.00313367 -0.00103609
6.45768 -0.00576523 -0.00581553 -0.00147411 0.0058943
6.52038 0.00140582 -0.000524411 0.00306778 -0.00104176
6.58307 -0.00574922 -0.00585576 -0.00140846 0.00589997
6.64577 0.00138985 -0.000484351 0.00300235 -0.00104744
6.70846 -0.00573328 -0.00589565 -0.00134322 0.00590567
6.77116 0.00137394 -0.000444619 0.0029373 -0.00105315
6.83386 -0.00571738 -0.00593523 -0.00127834 0.00591139
6.89655 0.00135806 -0.000405191 0.00287257 -0.00105889
6.95925 -0.00570151 -0.00597452 -0.00121375 0.00591715
7.02194 0.00134219 -0.000366043 0.0028081 -0.00106468
7.08464 -0.00568565 -0.00601353 -0.00114939 0.00592297
7.14734 0.00132632 -0.000327156 0.00274383 -0.00107053
7.21003 -0.00566977 -0.0060523 -0.0010852 0.00592885
7.27273 0.00131044 -0.000288508 0.0026797 -0.00107645
7.33542 -0.00565387 -0.00609083 -0.00102111 0.00593481
7.39812 0.00129452 -0.000250081 0.00261565 -0.00108245
7.46082 -0.00563793 -0.00612915 -0.000957078 0.00594086
7.52351 0.00127854 -0.000211859 0.00255161 -0.00108855
7.58621 -0.00562192 -0.00616728 -0.000893034 0.00594701
7.6489 0.0012625 -0.000173824 0.00248754 -0.00109475
7.7116 -0.00560583 -0.00620523 -0.000828922 0.00595327
7.77429 0.00124637 -0.000135958 0.00242338 -0.00110107
7.83699 -0.00558967 -0.00624302 -0.000764684 0.00595965
7.89969 0.00123016 -9.82453e-05 0.00235905 -0.00110751
7.96238 -0.0055734 -0.00628066 -0.000700266 0.00596615
8.02508 0.00121384 -6.06642e-05 0.00229453 -0.00111407
8.08777 -0.00555703 -0.00631818 -0.000635616 0.00597277
8.15047 0.00119743 -2.31915e-05 0.00222974 -0.00112076
8.21317 -0.00554057 -0.00635561 -0.000570689 0.00597952
8.27586 0.00118091 1.42023e-05 0.00216466 -0.00112756
8.33856 -0.00552401 -0.00639298 -0.000505444 0.00598638
8.40125 0.0011643 5.15546e-05 0.00209925 -0.00113448
8.46395 -0.00550736 -0.00643033 -0.000439848 0.00599334
8.52665 0.00114762 8.89138e-05 0.00203347 -0.00114147
8.58934 -0.00549064 -0.00646771 -0.00037388 0.00600036
8.65204 0.00113088 0.000126342 0.00196731 -0.00114852
8.71473 -0.00547389 -0.00650521 -0.000307527 0.00600742
8.77743 0.00111412 0.000163918 0.00190076 -0.00115558
8.84013 -0.00545712 -0.00654289 -0.000240791 0.00601447
8.90282 0.00109736 0.000201739 0.00183384 -0.0011626
8.96552 -0.00544039 -0.00658088 -0.000173686 0.00602145
9.02821 0.00108065 0.000239922 0.00176656 -0.00116952
9.09091 -0.00542372 -0.00661929 -0.000106235 0.0060283
9.15361 0.00106404 0.000278601 0.00169894 -0.00117628
9.2163 -0.00540717 -0.00665827 -3.84705e-05 0.00603495
9.279 0.00104756 0.000317925 0.00163103 -0.0011828
9.34169 -0.00539077 -0.00669798 2.95745e-05 0.00604133
9.40439 0.00103125 0.000358047 0.00156286 -0.00118903
9.46708 -0.00537456 -0.00673855 9.78731e-05 0.00604739
9.52978 0.00101515 0.000399116 0.00149444 -0.00119491
9.59248 -0.00535856 -0.00678015 0.000166414 0.00605307
9.65517 0.000999256 0.000441262 0.00142578 -0.00120039
9.71787 -0.00534278 -0.00682287 0.000235209 0.00605835
9.78056 0.000983578 0.000484588 0.00135684 -0.00120546
9.84326 -0.0053272 -0.00686681 0.000304305 0.00606321
9.90596 0.000968091 0.000529154 0.00128756 -0.00121012
9.96865 -0.0053118 -0.00691201 0.000373784 0.00606769
10.0313 0.000952755 0.000574976 0.00121785 -0.00121441
10.094 -0.00529651 -0.00695845 0.000443765 0.00607181
10.1567 0.000937509 0.00062203 0.00114756 -0.00121839
10.2194 -0.00528129 -0.0070061 0.000514404 0.00607566
10.2821 0.000922278 0.000670257 0.00107653 -0.00122213
10.3448 -0.00526603 -0.00705489 0.000585878 0.00607931
10.4075 0.00090698 0.000719578 0.00100456 -0.00122572
10.4702 -0.00525067 -0.00710472 0.000658383 0.00608286
10.5329 0.000891524 0.000769912 0.000931468 -0.00122925
10.5956 -0.0052351 -0.00715554 0.000732121 0.0060864
10.6583 0.000875823 0.000821187 0.000857039 -0.00123282
10.721 -0.00521924 -0.00720726 0.000807288 0.00609003
10.7837 0.000859792 0.000873355 0.000781087 -0.00123652
10.8464 -0.00520302 -0.00725987 0.000884071 0.00609381
10.9091 0.000843357 0.000926395 0.00070343 -0.00124041
10.9718 -0.00518635 -0.00731334 0.000962645 0.00609782
11.0345 0.000826451 0.00098032 0.0006239 -0.00124455
11.0972 -0.00516919 -0.00736773 0.00104317 0.0061021
11.1599 0.000809017 0.00103517 0.000542344 -0.00124897
11.2226 -0.00515148 -0.00742306 0.00112579 0.00610668
11.2853 0.00079101 0.00109102 0.000458614 -0.00125372
11.348 -0.00513317 -0.00747944 0.00121066 0.00611159
11.4107 0.00077239 0.00114795 0.00037257 -0.0012588
11.4734 -0.00511423 -0.00753696 0.00129792 0.00611685
11.5361 0.000753124 0.00120608 0.000284072 -0.00126423
11.5987 -0.00509463 -0.00759573 0.0013877 0.00612244
11.6614 0.000733181 0.00126553 0.000192976 -0.00127
11.7241 -0.00507434 -0.00765589 0.00148015 0.00612838
11.7868 0.000712533 0.00132644 9.91288e-05 -0.00127611
11.8495 -0.00505333 -0.00771758 0.00157543 0.00613467
11.9122 0.000691153 0.00138895 2.36656e-06 -0.00128256
11.9749 -0.00503157 -0.00778095 0.00167372 0.00614128
12.0376 0.000669011 0.00145322 -9.749e-05 -0.00128934
12.1003 -0.00500903 -0.00784617 0.00177519 0.00614824
12.163 0.000646072 0.00151941 -0.000200638 -0.00129646
12.2257 -0.00498568 -0.00791339 0.00188007 0.00615552
12.2884 0.000622301 0.00158771 -0.000307295 -0.00130391
12.3511 -0.00496148 -0.0079828 0.00198857 0.00616314
12.4138 0.000597654 0.00165828 -0.000417702 -0.0013117
12.4765 -0.00493638 -0.00805459 0.00210095 0.00617109
12.5392 0.000572084 0.00173135 -0.000532126 -0.00131983
12.6019 -0.00491032 -0.00812897 0.00221749 0.00617939
12.6646 0.000545536 0.00180711 -0.000650862 -0.0013283
12.7273 -0.00488326 -0.00820617 0.0023385 0.00618805
12.79 0.000517947 0.0018858 -0.000774237 -0.00133714
12.8527 -0.00485513 -0.00828642 0.00246433 0.00619707
12.9154 0.000489247 0.00196767 -0.000902615 -0.00134635
12.9781 -0.00482584 -0.00836999 0.00259536 0.00620648
13.0408 0.000459357 0.002053 -0.0010364 -0.00135596
13.1034 -0.00479533 -0.00845716 0.00273201 0.0062163
13.1661 0.000428186 0.0021421 -0.00117604 -0.00136599
13.2288 -0.00476348 -0.00854826 0.00287476 0.00622655
13.2915 0.000395636 0.00223529 -0.00132203 -0.00137647
13.3542 -0.0047302 -0.00864364 0.00302413 0.00623726
13.4169 0.000361593 0.00233296 -0.00147493 -0.00138743
13.4796 -0.00469536 -0.0087437 0.00318072 0.00624847
13.5423 0.00032593 0.00243552 -0.00163537 -0.0013989
13.605 -0.00465884 -0.00884887 0.00334518 0.00626021
13.6677 0.000288505 0.00254343 -0.00180404 -0.00141092
13.7304 -0.00462047 -0.00895965 0.00351826 0.00627254
13.7931 0.000249157 0.00265721 -0.00198173 -0.00142356
13.8558 -0.0045801 -0.00907659 0.00370079 0.00628549
13.9185 0.000207707 0.00277747 -0.00216933 -0.00143684
13.9812 -0.00453752 -0.00920033 0.00389372 0.00629913
14.0439 0.000163948 0.00290486 -0.00236786 -0.00145085
14.1066 -0.00449252 -0.00933157 0.00409812 0.00631352
14.1693 0.00011765 0.00304016 -0.00257845 -0.00146565
14.232 -0.00444485 -0.00947113 0.00431522 0.00632874
14.2947 6.85458e-05 0.00318423 -0.00280242 -0.00148131
14.3574 -0.00439424 -0.00961996 0.00454643 0.00634487
14.4201 1.63346e-05 0.00333808 -0.00304127 -0.00149793
14.4828 -0.00434035 -0.00977913 0.00479337 0.00636201
14.5455 -3.93316e-05 0.00350288 -0.00329675 -0.00151562
14.6082 -0.00428281 -0.0099499 0.00505789 0.00638027
14.6708 -9.88535e-05 0.00367998 -0.00357086 -0.00153448
14.7335 -0.00422119 -0.0101337 0.00534218 0.00639977
14.7962 -0.000162696 0.00387096 -0.00386596 -0.00155466
14.8589 -0.00415499 -0.0103323 0.00564879 0.00642066
14.9216 -0.000231401 0.00407768 -0.00418482 -0.00157631
14.9843 -0.00408362 -0.0105477 0.00598071 0.00644312
15.047 -0.000305606 0.00430236 -0.0045307 -0.00159962
15.1097 -0.00400639 -0.0107823 0.00634151 0.00646735
15.1724 -0.000386061 0.00454764 -0.00490749 -0.00162482
15.2351 -0.00392248 -0.0110391 0.00673545 0.00649357
15.2978 -0.000473661 0.00481671 -0.00531985 -0.00165215
15.3605 -0.00383092 -0.0113214 0.00716765 0.00652209
15.4232 -0.000569478 0.00511343 -0.00577345 -0.00168192
15.4859 -0.00373053 -0.0116337 0.00764437 0.00655321
15.5486 -0.00067481 0.00544259 -0.00627521 -0.00171451
15.6113 -0.00361986 -0.0119812 0.00817329 0.00658736
15.674 -0.000791241 0.00581009 -0.00683366 -0.00175034
15.7367 -0.00349718 -0.0123706 0.00876395 0.00662502
15.7994 -0.000920727 0.0062234 -0.00745952 -0.00178997
15.8621 -0.00336028 -0.0128102 0.00942838 0.00666678
15.9248 -0.00106571 0.00669202 -0.00816635 -0.00183405
15.9875 -0.00320644 -0.0133109 0.010182 0.00671339
16.0502 -0.00122928 0.00722831 -0.00897161 -0.00188342
16.1129 -0.00303215 -0.0138868 0.0110446 0.00676578
16.1755 -0.00141542 0.00784858 -0.00989817 -0.00193912
16.2382 -0.00283289 -0.0145569 0.0120427 0.00682512
16.3009 -0.00162929 0.00857482 -0.0109766 -0.00200248
16.3636 -0.00260269 -0.0153469 0.0132117 0.00689293
16.4263 -0.00187781 0.00943746 -0.0122485 -0.00207523
16.489 -0.00233351 -0.0162929 0.014601 0.00697118
16.5517 -0.00217038 0.0104798 -0.0137726 -0.00215964
16.6144 -0.00201431 -0.0174473 0.0162807 0.0070625
16.6771 -0.0025201 0.0117656 -0.0156335 -0.00225875
16.7398 -0.00162938 -0.0188886 0.0183543 0.00717044
16.8025 -0.00294591 0.0133929 -0.0179588 -0.00237672
16.8652 -0.00115574 -0.0207406 0.0209808 0.00729986
16.9279 -0.00347604 0.0155202 -0.0209499 -0.00251928
16.9906 -0.000558252 -0.0232102 0.0244188 0.00745755
17.0533 -0.00415471 0.0184225 -0.0249438 -0.00269447
17.116 0.000219502 -0.0266709 0.0291169 0.00765304
17.1787 -0.00505512 0.0226212 -0.0305519 -0.00291348
17.2414 0.00127426 -0.0318735 0.03593 0.00789919
17.3041 -0.00630786 0.0292393 -0.0390085 -0.00319054
17.3668 0.00278675 -0.0405804 0.0467115 0.00821023
17.4295 -0.00817051 0.0412181 -0.0532363 -0.00353563
17.4922 0.0051374 -0.0581223 0.0663734 0.00858014
17.5549 -0.0112302 0.0694258 -0.0822346 -0.00389338
17.6176 0.00928424 -0.111099 0.113618 0.00880148
17.6803 -0.017169 0.19605 -0.173896 -0.00353899
17.7429 0.018497 1 0.382207 0.0059571
17.8056 -0.0333957 -0.178547 -0.342531 0.0155803
17.8683 0.0547182 0.0894272 -0.280997 -0.89622
17.931 -0.186536 -0.0653068 0.153279 0.131125
17.9937 0.826456 0.0431598 -0.103925 -0.0270133
18.0564 0.0267289 -0.0398752 0.0807453 0.0156708
18.1191 -0.0288495 0.0270138 -0.0639208 -0.00489156
18.1818 0.0196788 -0.0286949 0.0552802 0.00679678
18.2445 -0.0206214 0.0188061 -0.0462517 -0.00020754
18.3072 0.0138671 -0.0224096 0.0422882 0.00393293
18.3699 -0.0164576 0.0138364 -0.0362901 0.0017127
18.4326 0.010767 -0.0183803 0.0344037 0.00256105
18.4953 -0.014068 0.0105026 -0.0298919 0.00273929
18.558 0.00887168 -0.0155756 0.0291062 0.00176523
18.6207 -0.012529 0.00810979 -0.0254325 0.00337359
18.6834 0.00759759 -0.0135096 0.0252995 0.00124818
18.7461 -0.011457 0.00630762 -0.0221443 0.00380293
18.8088 0.00668309 -0.0119234 0.0224301 0.000886104
18.8715 -0.0106677 0.0049005 -0.0196178 0.00411233
18.9342 0.0059948 -0.0106664 0.0201881 0.000618706
18.9969 -0.0100621 0.00377059 -0.0176144 0.00434572
19.0596 0.00545786 -0.00964507 0.0183868 0.000413234
19.1223 -0.00958267 0.00284267 -0.0159858 0.004528
19.185 0.00502707 -0.00879817 0.0169069 0.000250419
19.2476 -0.00919344 0.00206647 -0.0146348 0.00467432
19.3103 0.0046736 -0.00808404 0.0156685 0.000118204
19.373 -0.00887096 0.00140713 -0.0134953 0.00479439
19.4357 0.00437816 -0.0074733 0.0146162 8.66633e-06
19.4984 -0.00859925 0.000839703 -0.0125204 0.00489473
19.5611 0.00412739 -0.00694463 0.0137103 -8.36058e-05
19.6238 -0.00836704 0.000345856 -0.0116764 0.00497988
19.6865 0.00391171 -0.00648219 0.0129218 -0.000162436
19.7492 -0.00816616 -8.8163e-05 -0.0109379 0.00505308
19.8119 0.00372412 -0.00607397 0.0122287 -0.000230598
19.8746 -0.00799055 -0.000472885 -0.0102859 0.00511672
19.9373 0.00355935 -0.0057107 0.0116142 -0.000290156
20 -0.00783562 -0.00081651 -0.00970563 0.00517259
